3216.585
1888.808
1257.913
1482.182
1110.79
1182.995
1242.27
1542.353
1184.618
1069.769
974.169
1382.999
1684.325
1040.643
1163.008
1314.297
1993.008
1251.117
1120.389
1044.255
1374.809
1363.84
1073.319
1236.003
1152.554
1035.403
1215.521
1251.179
1187.06
1015.482
1089.471
1197.694
1226.845
1043.679
963.678
1267.919
1212.067
1232.958
1188.814
1261.293
1361.475
1142.914
1218.11
1161.218
1111.252
1394.237
1238.347
1274.653
1602.988
1292.963
1211.087
1116.595
987.997
982.904
1006.523
1360.214
1444.848
1230.597
1327.475
1117.47
1133.807
1158.837
1082.515
1047.409
1870.338
1366.933
1310.367
1.144
1293.113
1511.08
1245.624
1121.387
1405.268
1091.956
1091.188
1248.268
1156.91
1176.152
1179.877
0.332
1239.775
1655.894
954.47
1652.894
1222.902
1180.982
1425.973
1426.544
1570.315
1026.71
1125.949
1421.969
1257.362
1001.178
1298.974
1119.054
987.741
1031.9
1153.202
1162.524
963.197
1342.909
1230.003
1291.622
1267.792
1264.289
1147.239
1239.91
1191.352
1532.276
1097.937
1195.474
1162.528
1204.582
1558.075
1090.517
1131.307
1155.497
1003.842
1743.613
1232.328
1161.931
1149.493
895.134
1217.584
1020.492
1008.812
1039.403
1156.067
1018.483
987.087
1245.062
1051.206
1165.449
1016.929
1376.525
1233.726
1256.732
1370.899
1259.682
1242.169
1314.732
1057.303
1373.548
984.54
1222.785
993.428
1224.876
1062.973
1004.175
1357.98
1143.621
1120.599
1166.958
1070.444
1360.092
1397.796
1656.315
1058.204
1437.641
1361.859
1237.19
1073.533
1269.005
1375.991
1325.21
1207.837
1151.856
1371.036
1351.359
1403.005
1034.108
1173.189
1183.758
1032.958
1216.774
1039.105
1078.826
1211.8
991.563
1298.993
949.101
1001.288
1132.727
1101.164
1286.462
1156.023
1408.807
1217.767
1264.815
1160.556
1225.663
1133.085
1198.153
1360.212
1118.962
1164.141
1201.899
1185.929
1466.008
1192.198
1170.457
1250.36
1094.097
1019.112
1333.704
1009.069
1215.438
1300.77
1148.036
1599.279
1369.402
1171.586
1196.972
1059.042
1295.687
1359.815
1040.049
1260.117
1068.307
1188.048
1307.441
1074.77
1261.76
1228.606
1184.998
1301.456
1229.007
1590.109
1096.109
1051.246
1170.88
0.692
1524.543
1368.982
1242.648
1051.445
1359.377
1925.192
1189.774
1081.985
1052.402
1237.605
1433.511
1194.26
1343.011
1452.321
1142.287
1338.944
1394.443
1208.542
1227.007
1753.454
1290.132
3.462
1192.376
1282.704
1356.96
1256.211
1147.209
1160.999
1232.669
1689.09
1426.124
1272.827
1277.113
1083.428
1272.435
1168.377
1390.257
1395.15
1052.571
1217.756
1177.367
1190.67
1084.135
1086.92
1076.923
1193.765
1220.081
1826.695
1109.728
1130.949
988.353
1656.233
1237.479
1078.963
1225.714
1268.752
1387.52
1285.02
1174.633
1655.819
1592.99
1028.776
1179.947
1166.878
1402.073
1361.076
1067.552
1271.591
1358.98
1112.35
1634.761
1164.269
1233.145
1109.781
1299.4
1279.159
1147.578
1388.271
1238.203
1348.152
1403.405
1169.7
1266.981
1236.53
1483.358
1106.785
1063.554
1307.293
1357.219
1262.223
1225.507
1071.654
1267.017
1825.722
1213.539
1481.601
1276.575
1223.419
1074.506
1072.341
1479.165
1340.467
1171.908
1056.733
1380.294
1190.976
1287.432
1484.746
1416.649
1411.439
1075.936
1112.43
1142.895
1208.338
1200.269
1186.816
1055.33
1154.42
1235.082
1267.269
1252.599
1037.163
1058.183
1154.651
1373.745
1694.42
1080.611
1343.48
1389.21
1046.236
1044.025
1054.966
1209.182
1033.095
1189.638
1346.978
1468.251
1014.262
1283.928
1378.411
1595.466
1131.682
1312.77
1247.502
1271.226
1426.37
1565.772
1032.086
1142.155
1204.46
1125.89
1203.844
1321.956
1811.798
1159.482
1059.613
1581.531
1166.758
1643.686
1251.976
1058.998
1381.985
1224.045
1147.931
1079.59
1182.868
1307.914
1303.334
1078.087
1089.758
1208.324
1211.58
1187.247
1125.592
1252.998
1152.784
1075.176
1027.086
1089.972
1065.728
1300.22
1171.607
1439.22
1299.891
1097.283
1211.833
1069.735
1671.281
1319.05
1087.35
1262.286
1064.329
1339.73
1121.091
986.751
1127.808
987.964
1298.472
1354.315
1000.132
1887.425
1151.484
1311.993
1072.542
992.664
1437.483
1194.378
1075.079
1192.732
1260.51
1255.721
1162.845
1281.917
1001.339
1104.72
1330.37
1134.899
1182.144
1319.248
1634.765
1255.79
1177.991
1314.532
1084.169
2284.216
1256.438
1032.937
1136.52
1263.116
1439.91
1012.417
1116.367
1285.505
1134.12
1353.899
1281.079
1487.421
1196.42
1702.61
1423.747
1333.428
1546.457
1467.619
1089.054
1127.359
1331.363
1367.905
1189.794
1067.893
1324.188
1165.526
1270.084
1392.331
1252.135
1347.962
1051.502
1320.857
1099.165
1382.151
1042.86
1388.307
1429.028
1282.907
1107.6
1137.579
999.003
1104.778
1466.372
1038.881
1282.374
1423.811
1525.04
1207.075
1217.324
1041.171
1400.121
1296.368
1211.709
1480.295
1046.647
1163.265
1199.672
1286.151
1169.794
1703.655
1285.242
1435.687
1151.2
1168.455
2052.936
995.883
1153.298
968.842
1227.04
1122.023
1237.062
989.575
1109.807
1244.96
1492.346
1325.03
1187.911
1104.063
1251.974
1039.461
1365.738
1199.106
1001.203
1339.845
1405.3
1302.121
1191.021
1150.058
1050.737
1001.825
1312.832
1052.266
1164.806
2055.969
1120.865
1410.245
1214.937
1210.351
1182.435
975.757
1319.277
1220.863
1106.312
1098.361
997.062
1173.568
1326.12
1149.811
1255.703
1046.728
1207.287
1374.916
990.75
1049.701
1669.918
1160.102
1258.277
1385.163
1594.017
984.891
992.903
1364.389
1296.251
1156.19
1225.941
1061.335
1422.203
1523.691
1504.028
1296.751
1330.309
1196.875
1177.79
1641.853
1200.258
1078.612
1308.751
1387.455
1275.624
1115.488
1367.169
1216.453
1040.292
1486.382
1005.411
1144.688
1135.801
1125.283
1382.208
1882.259
1260.971
1200.211
1005.749
1055.997
1287.322
1669.516
1056.446
1412.817
1193.475
1224.684
1063.437
1180.042
1195.357
1161.557
1313.425
1282.967
1638.931
1093.188
1031.918
1059.598
1287.915
1110.424
1041.186
1468.093
1078.434
1218.575
1306.186
1396.459
1190.773
1154.213
1238.31
1196.361
1180.632
1098.852
1115.35
1210.257
1375.735
1055.831
1190.87
1454.395
8.509
1170.814
1500.028
1192.929
1160.299
1298.429
1128.503
1291.595
1190.029
1276.709
1041.007
1190.499
1175.789
1175.893
1668.886
1313.795
1048.833
1187.603
1531.296
1832.272
1463.884
1293.779
1079.361
1176.586
1102.798
1280.789
1107.151
1240.998
1161.879
1369.202
1007.822
1110.784
1213.278
1300.866
1000.301
1300.815
1328.301
1424.288
1251.912
1234.328
1035.011
1329.876
1592.286
1229.704
1334.632
1232.208
1116.462
1378.391
1413.111
1072.823
963.522
1207.04
1234.121
949.865
1599.546
1110.43
1303.231
1192.429
1147.67
998.71
1098.321
1232.104
1307.163
1293.31
1718.939
1280.904
1256.649
1180.132
936.03
1095.254
1107.426
1334.063
943.055
1058.115
1133.925
1053.072
1170.248
1135.623
1144.503
986.256
1101.127
966.783
1413.836
1312.888
1174.789
1110.597
1194.578
1094.514
1049.12
1149.365
1213.927
1107.307
1329.438
1176.569
1368.163
1057.296
1120.418
1445.76
1382.265
1301.727
1232.958
1031.234
1229.647
1061.9
1012.655
1111.07
1299.115
1229.52
1088.405
1156.94
1311.772
1390.92
1116.798
1157.763
996.554
1121.381
1090.93
1382.533
1105.032
1025.447
1112.651
996.238
1211.219
1377.332
1293.203
1501.992
1435.262
1441.126
1066.864
1088.354
1141.692
1366.241
1369.072
991.537
1652.194
1684.114
1516.15
1169.721
926.361
1147.564
1000.531
995.809
1038.425
998.084
1200.154
1349.215
7.853
1027.865
1380.865
1233.933
1141.543
1181.177
1409.004
1089.324
1171.143
1374.791
1106.452
1016.358
1121.787
1071.036
1345.4
977.124
1266.854
1279.583
1186.658
1231.9
1217.999
1144.068
1549.031
1308.163
1104.756
1370.794
1576.39
1566.246
1023.389
1070.698
1038.48
1227.558
1518.219
1021.737
1372.564
1170.691
1343.597
1093.39
1567.331
1142.3
1316.484
1332.408
1376.124
1354.433
1495.307
1267.955
1364.047
1480.506
1489.112
1082.279
1170.015
1174.7
1179.38
1248.43
1340.217
1040.522
1168.816
1041.181
1262.469
1088.083
1125.069
1101.741
1086.921
1217.538
1064.017
1416.075
2235.612
1073.974
1199.747
964.089
980.747
1404.867
1206.228
1042.83
2.181
2271.983
1074.74
954.759
1287.46
1148.972
1246.858
1293.077
1345.08
1171.026
1321.718
1325.052
980.234
1179.549
995.132
1070.775
1209.052
1084.905
1224.58
984.103
1067.284
1159.319
1327.43
1335.799
1261.339
1154.341
1444.319
1368.464
980.599
1915.008
1156.386
1145.512
1221.487
1177.659
1264.795
1376.494
1123.21
1097.77
1402.649
1105.095
1144.448
1157.059
1213.294
1153.444
1303.577
1163.966
1467.644
1206.676
1514.899
1372.794
1235.533
1118.431
1289.529
1357.888
1247.772
1137.456
1148.443
1161.959
1156.726
1183.195
1109.179
1045.663
1350.77
1271.194
1196.508
1258.066
1080.907
1089.96
1215.392
1266.668
1309.4
1438.075
1032.002
1157.586
1322.011
1239.275
1006.82
1614.683
1046.215
1441.872
1013.097
1115.082
1612.971
1772.052
1283.62
1078.277
1526.736
1236.651
967.609
1253.065
1005.049
1142.345
1395.332
1080.018
1164.84
1104.318
1052.126
1023.987
1034.529
1170.727
1505.734
1210.991
1059.343
1251.286
1515.612
1037.726
1129.468
1357.036
1213.34
1571.872
1412.755
1632.413
1121.061
1454.874
1067.249
1107.502
1244.721
1233.438
1145.828
1229.513
1297.942
1144.762
1082.299
1333.223
1380.123
1178.891
1336.45
1537.189
1197.841
1352.028
1269.612
1409.506
1346.837
1162.679
1028.678
1073.072
1336.768
1147.01
1645.633
1257.836
1052.163
1070.264
1536.117
1320.039
1202.898
1034.311
1329.307
1611.228
1040.602
1223.539
1277.685
1111.923
1236.039
1103.573
1797.04
1389.359
1217.242
904.901
1168.699
1216.28
1101.402
1352.221
1048.264
1373.367
1028.678
1151.565
1155.495
1051.629
1087.286
1069.056
1410.233
1052.699
1239.642
1025.085
1258.724
2051.653
1033.656
1087.83
1064.573
1092.865
1168.361
1336.14
1345.798
1202.839
1252.547
1222.551
1200.129
1123.642
1393.158
1237.098
1026.341
1187.838
1609.739
1226.724
969.774
1530.559
969.822
966.635
1416.84
1105.791
981.364
1217.838
1416.766
1299.572
1118.207
1263.216
1023.147
956.838
949.545
1071.931
974.393
1026.279
1087.893
1126.571
1330.135
1524.723
1073.031
1205.701
1140.529
1621.691
1095.165
1914.721
1097.929
1286.82
1176.203
1027.196
1011.364
1103.256
1270.035
1557.512
1304.872
1090.199
1434.327
1132.314
1645.665
984.764
1120.869
1099.992
1282.392
1094.609
1213.612
1500.361
1735.125
1081.559
1208.422
1037.806
1015.921
1017.138
1553.981
1438.476
1202.545
1160.764
1347.108
1141.498
1140.513
1067.031
1102.534
1245.524
1082.334
1064.74
1282.127
1684.292
1275.792
1570.748
1181.05
1170.199
1124.421
1177.182
1181.873
1260.134
1051.858
1974.833
1538.809
1091.97
1702.312
1243.637
1106.552
994.302
1150.03
988.618
1082.232
1207.302
992.425
1115.607
977.142
1256.809
1222.408
1305.781
1223.34
1537.724
1718.768
1327.087
1071.081
1364.212
1410.575
1219.528
1339.57
1108.175
1253.185
1437.597
1484.817
1282.093
1076.358
1058.116
1185.939
1087.331
1448.61
1030.152
1304.736
1387.305
1655.331
1070.267
1557.141
1467.922
1180.713
1328.726
1473.519
1284.443
1211.348
1391.447
1252.641
1198.621
1193.736
1199.661
1038.457
1054.618
1227.033
1195.236
1486.293
1327.281
1209.639
1273.75
1315.054
1188.534
1142.75
1322.167
1165.24
1294.544
1029.765
1345.33
1303.017
1218.747
1320.424
1211.003
1146.342
1172.023
1145.61
1483.242
1328.226
1167.672
1460.841
1103.606
1061.253
1172.85
1491.967
1021.118
1503.896
1265.756
1091.815
1204.653
1299.022
1222.365
1110.111
1251.818
1419.433
1121.86
1168.748
1350.158
1238.415
1216.096
1224.611
1575.464
1104.04
1189.202
1152.466
1244.682
1057.128
1173.923
1324.556
1391.586
1172.251
1069.55
1023.907
1178.825
1594.83
1361.877
1144.991
1249.932
1425.158
1278.68
1246.52
1126.601
1118.452
1324.558
1110.728
1352.514
1795.099
1361.881
1428.794
1256.035
1126.297
1230.983
1287.978
1313.529
1179.954
1432.135
1092.84
1231.964
1515.385
1476.993
1021.287
1678.968
1835.798
1413.651
1175.11
1428.612
1193.997
1130.406
1007.667
1281.4
1188.968
1146.334
1166.886
973.364
1200.569
1188.534
1105.393
1053.489
1182.793
1122.506
1325.964
1210.178
1344.178
1244.072
1009.433
1083.586
1168.824
1092.607
1153.06
1171.89
1105.901
1096.232
1503.369
1018.15
1289.967
1318.145
1436.367
1245.583
1186.685
1432.161
1152.365
1087.649
1347.994
2003.916
1071.072
1155.282
1066.7
1206.098
1046.346
1371.104
1231.746
1284.796
1164.622
1766.131
1339.209
1227.262
1030.292
1737.009
1108.443
1033.397
1113.346
1020.235
1278.15
1128.421
1037.395
1192.577
1109.228
1488.639
1167.632
1104.669
1309.654
1046.77
1035.697
1011.526
1343.521
1127.426
1233.608
1151.936
1277.87
1352.071
1303.863
1495.768
1410.051
1119.11
1236.593
1295.378
1161.299
1256.851
1042.099
1284.983
1000.998
1056.938
1576.411
1297.853
1133.311
1033.545
1208.084
1481.811
1051.788
1103.054
1375.032
1397.043
1160.61
1358.851
1189.973
1096.959
1164.064
1141.253
1177.561
1101.309
1134.784
1118.197
1000.469
1120.634
1038.562
1226.677
1203.077
1133.875
1010.435
1038.922
1334.409
1598.515
1147.813
1212.276
1208.034
1027.78
1304.17
986.614
1456.128
1322.228
1183.608
1113.067
1186.567
1173.598
1059.426
1187.01
1034.005
1276.06
966.293
1236.204
1226.419
1184.176
1430.148
1298.176
1170.743
1184.239
1615.345
1034.955
1416.008
1093.874
1234.065
1200.115
967.273
1290.156
1117.425
1244.652
1559.112
1035.824
1263.54
1019.426
1265.349
1372.286
1259.963
1222.939
1264.406
1219.747
1335.069
1304.386
1343.146
7.733
1070.311
1456.868
1100.073
1011.261
1252.979
1194.112
1349.932
1184.713
1217.932
1161.506
1410.495
1184.596
1389.016
1738.814
1754.245
1254.554
1175.752
1546.729
1404.101
1106.223
1232.117
1055.958
914.388
917.64
983.556
1215.229
957.895
1148.811
1112.588
1409.692
1391.479
1041.299
973.777
1202.592
1273.139
1047.992
1017.041
1216.257
1256.064
983.774
1200.633
1189.319
1205.845
2.454
1013.384
1094.707
1108.265
1388.298
1187.163
1330.248
1132.922
1353.491
1409.388
1156.653
1449.212
1232.094
1210.39
1130.952
1326.973
1151.357
1139.478
1912.738
1372.321
1128.821
1136.026
1173.528
1009.868
1256.487
995.911
1315.563
1270.186
1000.304
1613.75
1479.497
1033.532
1032.814
1176.329
1108.461
1096.512
1265.702
1373.765
1121.115
1005.695
1205.104
1173.882
1069.662
1512.115
1262.156
1009.899
993.548
1083.989
1003.412
1077.103
1156.352
1377.022
1470.599
1435.443
1518.439
1199.868
1327.604
1061.557
1565.068
1419.805
1152.395
1082.047
1030.36
1127.764
1062.987
1127.277
1364.828
1222.42
1866.385
1083.35
1028.288
1417.217
1198.276
1301.831
1194.95
1249.273
1260.869
1179.097
1007.261
1204.974
1798.515
1183.631
1296.128
1321.126
1394.369
1328.387
1470.426
1276.373
1255.612
1162.568
1111.813
1307.932
1234.195
1311.237
1297.209
1262.302
1103.446
1473.004
1406.414
1345.508
1267.287
993.013
1255.502
1106.112
1186.068
1299.873
1228.233
1367.641
1127.169
1028.002
1731.328
1361.243
1096.029
1331.383
1304.434
1072.991
1147.147
1354.808
1258.342
1073.623
1260.11
1076.87
1120.712
1228.959
1016.76
948.918
1146.892
1227.853
1168.301
1109.885
1191.03
1394.205
1514.826
1364.26
1200.765
1252.688
993.92
1112.039
1058.857
1435.574
1561.309
1229.062
1217.993
1019.467
1060.89
1106.67
941.358
1267.463
1341.893
1045.965
1009.414
1298.378
1096.372
1060.284
989.576
961.12
1054.793
1105.187
1064.656
1247.835
1175.44
1203.355
1491.036
1217.48
1250.907
1092.265
1145.726
1482.193
1099.365
1338.841
1068.565
1223.795
1098.363
