455.083
6.706
5.0
2.619
1.672
1.236
1.314
1.756
1.586
1.095
1.285
1.387
2.048
1.195
1.356
1.344
1.18
2.869
1.478
1.444
1.966
1.399
1.473
1.472
1.107
1.328
1.551
1.153
1.682
0.985
1.652
0.875
1.386
1.134
1.16
1.273
1.448
1.624
1.178
1.036
1.01
1.111
0.747
1.179
1.445
0.824
0.738
0.918
0.669
0.84
0.924
1.554
1.035
0.938
0.806
1.141
0.976
1.182
1.072
0.73
0.927
1.246
0.868
1.06
1.253
1.131
0.673
0.624
0.761
0.482
0.651
0.458
0.538
0.458
0.477
0.451
0.596
0.526
0.419
0.543
0.481
0.475
0.476
0.396
0.469
0.453
0.809
0.859
1.74
1.223
0.6
0.866
0.867
0.747
0.811
0.777
0.613
1.237
0.797
0.849
0.803
0.824
0.867
0.517
0.448
0.502
0.488
0.907
0.565
0.541
0.584
0.777
0.489
0.515
0.517
0.808
0.767
1.141
0.796
0.735
0.805
0.707
0.694
0.718
5.977
0.716
0.731
0.496
0.605
0.437
0.456
0.557
0.84
0.832
0.433
0.506
0.455
0.603
0.855
0.517
0.558
0.773
0.758
0.705
0.567
0.751
0.462
0.487
0.428
0.705
0.467
0.438
0.442
0.451
0.466
0.616
0.438
0.71
0.503
0.507
0.776
1.138
0.83
0.483
0.517
0.653
0.517
0.483
0.493
0.654
0.7
0.501
0.441
0.475
0.772
0.449
0.784
0.524
0.522
0.483
0.782
0.706
0.937
0.507
0.529
0.47
0.415
0.503
0.445
0.786
0.726
0.52
0.499
0.483
0.513
0.482
0.485
0.533
0.489
0.555
0.469
0.465
0.542
0.487
0.448
0.466
0.406
0.451
0.553
1.195
0.487
0.48
0.615
0.654
0.47
0.705
0.479
0.493
0.391
0.446
0.451
0.414
0.513
0.521
0.782
0.825
0.465
0.44
0.386
0.37
0.405
0.479
0.416
0.509
0.36
0.436
0.632
0.421
0.38
0.366
0.368
0.424
0.376
0.856
0.628
0.477
0.476
0.491
0.428
0.499
0.404
0.404
0.356
0.386
0.349
0.391
0.395
0.388
0.687
0.695
0.482
0.43
0.397
0.423
0.409
0.398
0.373
0.377
0.603
0.414
0.393
0.367
0.397
0.414
0.421
0.407
0.398
0.377
0.406
0.524
0.45
0.51
0.435
0.389
0.42
0.392
0.459
0.338
0.373
0.378
0.393
0.41
0.393
0.434
0.402
0.387
0.401
0.382
0.416
0.399
0.735
0.436
0.472
0.434
0.468
0.389
0.356
0.43
0.403
0.423
0.405
0.356
0.431
0.368
0.367
0.452
0.378
0.419
0.358
0.663
0.486
0.423
0.416
0.379
0.367
0.399
0.408
0.418
0.34
0.451
0.356
0.373
0.433
0.398
0.452
0.381
0.389
0.41
0.396
0.428
0.539
0.502
0.527
0.494
0.435
0.439
0.413
0.408
0.393
0.371
0.371
0.402
0.457
0.439
0.393
0.393
0.428
0.449
0.513
0.436
0.474
0.442
0.694
0.718
0.698
0.7
0.414
0.406
0.473
0.402
0.374
0.403
0.428
0.411
0.387
0.366
0.779
0.616
0.528
0.495
0.801
0.769
0.415
0.435
0.485
0.363
0.467
0.372
0.382
0.465
0.4
0.421
0.459
0.526
0.493
0.478
0.396
0.437
0.455
0.369
0.471
0.447
0.419
0.459
0.513
0.467
0.48
0.464
0.447
0.464
0.422
0.524
0.466
0.428
0.467
0.398
0.414
0.383
0.407
0.41
0.438
0.438
0.415
0.462
0.435
0.464
0.445
0.416
0.486
0.509
0.561
0.706
0.567
0.531
0.559
0.542
0.434
0.399
0.471
0.451
0.438
0.406
0.429
0.479
0.458
0.469
0.435
0.411
0.507
0.483
0.444
0.48
0.451
0.399
0.377
0.423
0.45
0.417
0.474
0.399
0.408
0.517
0.588
0.417
0.46
0.439
0.383
0.583
0.561
0.511
0.503
0.508
0.487
0.435
0.41
0.691
0.424
0.383
0.677
0.437
0.406
0.502
0.648
0.391
0.434
0.704
0.6
0.697
0.605
0.495
0.527
0.549
0.572
0.529
0.55
0.482
0.462
0.56
0.505
0.448
0.807
0.486
0.51
0.515
0.484
0.933
1.029
0.603
0.629
0.578
0.625
0.863
0.61
0.61
0.538
0.752
0.6
0.586
0.617
0.574
0.604
0.858
0.648
0.57
0.582
0.6
0.574
0.668
0.565
0.598
0.547
0.523
0.577
0.538
0.534
0.543
0.706
0.973
1.205
1.032
1.045
0.904
0.562
0.576
0.581
0.541
0.608
0.553
0.552
0.574
0.537
0.593
0.575
0.628
0.948
0.756
0.691
0.644
0.531
0.564
0.622
0.606
0.604
0.58
0.407
0.395
0.336
0.349
0.372
0.404
0.371
0.374
0.537
0.621
0.447
0.405
0.424
0.391
0.409
0.428
0.413
0.396
0.373
0.449
0.446
0.42
0.383
0.365
0.408
0.514
0.415
0.397
0.423
0.442
0.44
0.394
0.413
0.485
0.86
0.545
0.443
0.42
0.461
0.422
0.41
0.486
0.442
0.452
0.429
0.416
0.44
0.423
0.386
0.427
0.418
0.392
0.386
0.389
0.412
0.362
0.476
0.406
0.577
0.502
0.444
0.392
0.434
0.398
0.412
0.411
0.37
0.434
0.455
0.409
0.417
0.72
0.39
0.754
0.737
0.505
0.413
0.475
0.413
0.441
0.409
0.606
0.457
0.387
0.413
0.373
0.399
0.529
0.506
0.414
0.394
0.448
0.416
0.437
0.415
0.377
0.438
0.31
0.334
0.322
0.372
0.316
0.361
0.324
0.338
0.337
0.345
0.457
0.419
0.586
0.636
0.468
0.456
0.363
0.378
0.397
0.5
0.395
0.349
0.356
0.378
0.446
0.345
0.342
0.359
0.354
0.325
0.345
0.323
0.367
0.334
0.335
0.322
0.337
0.35
0.332
0.354
0.321
0.351
0.425
0.392
0.371
0.588
0.469
0.344
0.361
0.351
0.315
0.374
0.335
0.341
0.35
0.498
0.314
0.357
0.436
0.325
0.425
0.339
0.363
0.33
0.349
0.362
0.331
0.311
0.332
0.334
0.343
0.353
0.393
0.353
0.445
0.419
0.407
0.387
0.367
0.343
0.395
0.386
0.371
0.332
0.334
0.358
0.319
0.32
0.327
0.354
0.342
0.351
0.329
0.363
0.394
0.319
0.349
0.349
0.429
0.329
0.363
0.319
0.452
0.404
0.359
0.321
0.386
0.381
0.421
0.379
0.35
0.374
0.318
0.357
0.311
0.348
0.351
0.369
0.357
0.342
0.361
0.381
0.339
0.321
0.319
0.35
0.364
0.357
0.333
0.335
0.354
0.32
0.334
0.356
0.379
0.352
0.387
0.35
0.359
0.335
0.359
0.348
0.365
0.304
0.342
0.51
0.395
0.35
0.321
0.359
0.368
0.373
0.349
0.348
0.358
0.345
0.377
0.358
0.361
0.361
0.316
0.337
0.352
0.313
0.32
0.391
0.369
0.389
0.403
0.367
0.384
0.346
0.365
0.379
0.345
0.369
0.394
0.413
0.44
0.436
0.432
0.421
0.426
0.421
0.46
0.585
0.587
0.599
0.634
0.809
0.802
0.802
0.808
0.726
0.743
0.699
0.874
0.424
0.453
0.458
0.443
0.447
0.441
0.455
0.435
0.453
0.778
0.505
0.776
0.503
0.504
0.485
0.449
0.51
0.471
0.423
0.453
0.453
0.443
0.454
0.436
0.425
0.512
0.449
0.43
0.465
0.475
0.471
0.458
0.421
0.551
0.58
0.89
0.526
0.463
0.491
0.486
0.451
0.432
0.479
0.507
0.473
0.473
0.435
0.424
0.486
0.451
0.452
0.479
0.444
0.446
0.486
0.42
0.552
0.549
0.528
0.536
0.466
0.467
0.475
0.47
0.367
0.402
0.372
0.395
0.369
0.389
0.375
0.376
0.5
0.349
0.348
0.384
0.372
0.417
0.365
0.362
0.336
0.344
0.352
0.341
0.335
0.376
0.371
0.381
0.366
0.381
0.369
0.393
0.322
0.322
0.359
0.324
0.338
0.349
0.318
0.346
0.327
0.358
0.332
0.35
0.563
0.596
0.471
0.372
0.466
0.638
0.377
0.342
0.342
0.346
0.319
0.462
0.495
0.346
0.331
0.408
0.373
0.341
0.331
0.336
0.343
0.346
0.334
0.373
0.321
0.396
0.331
0.326
0.377
0.348
0.36
0.396
0.341
0.341
0.336
0.32
0.34
0.428
0.332
0.354
0.352
0.512
0.356
0.382
0.708
0.504
0.347
0.361
0.401
0.37
0.35
0.375
0.366
0.36
0.349
0.333
0.337
0.351
0.316
0.326
0.355
0.305
0.306
0.332
0.381
0.351
0.342
0.318
0.378
0.352
0.32
0.317
0.334
0.361
0.35
0.321
0.415
0.388
0.465
0.351
0.353
0.346
0.331
0.313
0.343
0.326
0.327
0.344
0.331
0.313
0.32
0.328
0.338
0.296
0.335
0.337
0.329
0.315
0.322
0.31
0.329
0.333
0.327
0.319
0.352
0.424
0.333
0.47
0.391
0.673
0.72
0.425
0.738
0.342
0.348
0.651
0.387
0.342
0.308
0.306
0.617
0.316
0.301
0.299
0.513
0.39
0.319
0.322
0.31
0.316
0.992
0.304
0.329
0.312
0.312
0.372
0.613
0.336
0.367
1.109
0.396
0.35
0.364
0.897
0.369
0.332
0.311
0.352
0.34
0.363
0.327
0.33
0.325
0.307
0.332
0.314
0.347
0.309
0.335
0.313
0.32
0.313
0.329
0.311
0.318
0.312
0.348
0.32
0.336
0.329
0.339
0.486
0.718
0.46
0.447
0.373
0.347
0.375
0.317
0.344
0.326
0.329
0.372
0.348
0.369
0.342
0.334
0.347
0.344
0.321
0.338
0.338
0.316
0.334
0.402
0.348
0.485
0.353
0.384
0.327
0.334
0.389
0.378
0.355
0.364
0.345
0.365
0.343
0.357
0.352
0.319
0.397
0.378
0.357
0.325
0.379
0.325
0.363
0.34
0.337
0.379
0.384
0.329
0.33
0.387
0.364
0.32
0.373
0.321
0.33
0.324
0.385
0.392
0.339
0.372
0.361
0.352
0.333
0.326
0.323
0.321
0.296
0.32
0.324
0.31
0.301
0.338
0.337
0.359
0.353
0.388
0.34
0.358
0.336
0.332
0.331
0.31
0.303
0.363
0.302
0.31
0.316
0.297
0.335
0.356
0.385
0.454
0.322
0.404
0.684
0.652
0.658
0.561
0.603
0.574
0.645
0.573
0.58
0.619
0.515
0.577
0.583
0.591
0.707
0.594
0.353
0.352
0.348
0.34
0.434
0.351
0.341
0.375
0.356
0.388
0.368
0.322
0.337
0.316
0.294
0.381
0.353
0.377
0.321
0.304
0.319
0.349
0.361
0.299
0.304
0.376
0.522
0.378
0.616
0.382
0.449
0.391
0.354
0.355
0.342
0.746
0.824
0.566
0.403
0.45
0.489
0.47
0.448
0.443
0.46
0.422
0.411
0.456
0.429
0.441
0.441
0.404
0.424
0.379
0.458
0.451
0.442
0.466
0.446
0.447
0.844
0.551
0.465
0.414
0.453
0.429
0.449
0.442
0.41
0.468
0.467
0.376
0.439
0.405
0.407
0.432
0.387
0.464
0.404
0.434
0.436
0.507
0.474
0.409
0.409
0.396
0.57
0.41
0.438
0.415
0.507
0.444
0.444
0.518
0.454
0.419
0.488
0.441
0.457
0.418
0.394
0.447
0.395
0.421
0.467
0.406
0.416
0.417
0.4
0.435
0.424
0.439
0.418
0.53
0.508
0.478
0.488
0.442
0.425
0.449
0.444
0.385
0.44
0.395
0.394
0.529
0.403
0.401
0.425
0.445
0.416
0.415
0.414
0.42
0.436
0.427
0.433
0.423
0.455
0.532
0.818
0.802
0.464
0.441
0.466
0.426
0.443
0.424
0.402
0.438
0.481
0.447
0.456
0.418
0.432
0.493
0.428
0.431
0.446
0.425
0.448
0.431
0.407
0.45
0.661
0.844
0.9
0.827
0.799
1.27
1.211
0.471
0.46
0.454
0.406
0.475
0.685
0.44
0.395
0.434
0.403
0.442
0.488
0.463
0.46
0.728
0.875
0.552
0.444
0.462
0.491
0.448
0.418
0.45
0.412
0.43
0.456
0.459
0.449
0.413
0.428
0.45
0.42
0.541
0.414
0.441
0.478
0.438
0.404
0.41
0.683
0.798
0.75
0.488
0.455
0.564
0.447
0.596
0.438
0.434
0.432
0.406
0.42
0.429
0.408
0.459
0.421
0.455
0.617
0.455
0.497
0.47
0.419
0.485
0.425
0.634
0.532
0.464
0.422
0.468
0.495
0.461
0.44
0.45
0.465
0.408
0.586
0.534
0.432
0.451
0.445
0.425
0.458
0.582
0.568
0.462
0.415
0.446
0.501
0.434
0.452
0.592
0.543
0.479
0.436
0.456
0.468
0.439
0.39
0.431
0.438
0.43
0.461
0.418
0.431
0.445
0.449
0.506
0.467
0.427
0.419
0.418
0.456
0.4
0.424
0.658
0.423
0.845
0.946
0.558
0.803
0.7
0.775
0.8
0.686
0.442
0.492
0.721
0.437
0.437
0.454
0.386
0.393
0.424
0.5
0.432
0.571
0.502
0.437
0.426
0.449
0.407
0.472
0.388
0.4
0.451
0.397
0.433
0.411
0.393
0.423
0.406
0.444
0.42
0.408
0.441
0.433
0.418
0.559
0.416
0.397
0.671
0.6
0.526
0.468
0.849
0.425
0.451
0.737
0.433
0.422
0.434
0.47
0.405
0.441
0.421
0.402
0.443
0.44
0.414
0.403
0.388
0.451
0.42
0.39
0.373
0.375
0.426
0.582
0.874
0.501
0.527
0.918
0.421
0.411
0.412
0.39
0.427
0.414
0.429
0.401
0.386
0.409
0.448
0.429
0.403
0.44
0.433
0.401
0.474
0.403
0.399
0.416
0.418
0.546
0.451
0.437
0.412
0.376
0.387
0.396
0.467
0.401
0.43
0.421
0.409
0.445
0.431
0.43
0.411
0.416
0.43
0.392
0.414
0.38
0.453
0.406
0.499
0.438
0.436
0.824
0.518
0.552
0.464
0.493
0.5
0.442
452.812
5.205
3.302
2.632
2.04
2.131
1.437
1.045
1.142
1.321
1.837
1.406
1.422
0.905
1.237
1.044
0.781
1.33
1.21
0.739
1.523
1.419
1.367
1.43
1.168
1.175
1.044
1.454
1.267
0.868
1.213
1.516
1.001
1.322
1.461
1.28
1.205
1.443
1.925
1.399
1.0
1.579
0.929
0.979
1.416
0.833
0.809
0.97
0.9
0.759
0.644
0.653
0.755
0.807
1.271
1.346
1.946
0.79
0.826
1.062
0.665
0.603
0.747
1.145
0.769
1.035
1.465
1.488
0.63
0.848
1.288
0.557
0.533
0.536
0.429
0.735
0.823
0.499
0.428
0.422
0.466
0.477
0.406
0.405
0.47
0.531
0.525
0.778
0.53
0.844
0.648
0.769
0.87
0.488
0.465
0.552
0.603
0.527
0.506
0.524
0.576
0.538
0.728
0.863
0.549
0.654
0.813
0.588
0.742
0.483
0.513
0.775
0.543
0.447
0.508
0.45
0.461
0.464
0.606
0.689
0.565
0.423
0.456
0.468
7.215
0.515
0.765
0.467
0.51
0.465
0.468
0.452
0.487
0.47
0.449
0.449
0.777
0.471
0.486
0.812
1.153
0.724
0.51
0.459
0.525
0.519
0.475
0.645
0.67
0.652
0.463
0.476
0.476
0.439
0.653
0.573
0.5
0.615
0.416
0.551
0.44
0.515
0.685
0.839
0.732
0.727
0.778
0.744
0.719
0.72
0.87
0.8
0.763
0.777
0.723
0.736
0.76
0.747
0.743
0.69
0.734
0.612
0.641
0.46
0.488
0.476
0.436
0.396
0.421
0.378
0.436
0.416
0.446
0.407
0.467
0.502
0.516
0.411
0.425
0.612
0.457
0.446
0.469
0.576
0.506
0.459
0.483
0.464
0.429
0.467
0.462
0.438
0.443
0.546
0.911
0.761
0.761
0.831
0.677
0.467
0.547
0.445
0.437
0.5
0.536
0.62
0.435
0.539
0.526
0.546
0.713
0.63
0.597
0.752
0.516
0.587
0.416
0.431
0.465
0.478
0.461
0.452
0.617
0.758
0.806
0.688
0.594
0.46
0.457
0.602
0.479
0.524
0.416
0.413
0.421
0.379
0.415
0.507
0.422
0.382
0.399
0.353
0.347
0.408
0.388
0.577
0.447
0.413
0.434
0.401
0.376
0.394
0.384
0.425
0.446
0.357
0.36
0.377
0.379
0.397
0.373
0.388
0.418
0.366
0.353
0.42
0.423
0.344
0.392
0.41
0.386
0.386
0.444
0.403
0.388
0.384
0.377
0.416
0.391
0.444
0.406
0.403
0.365
0.386
0.44
1.055
0.784
0.786
0.763
0.596
0.705
0.591
0.76
0.676
0.707
0.641
0.769
0.674
0.903
0.516
0.462
0.391
0.39
0.358
0.381
0.417
0.458
0.398
0.379
0.387
0.414
0.344
0.393
0.423
0.448
0.404
0.391
0.394
0.457
0.461
0.426
0.434
0.378
0.39
0.371
0.361
0.392
0.534
0.406
0.376
0.367
0.476
0.417
0.449
0.392
0.398
0.425
0.448
0.45
0.395
0.458
0.443
0.442
0.416
0.421
0.366
0.516
0.373
0.4
0.379
0.432
0.378
0.41
0.387
0.424
0.396
0.608
0.52
0.533
0.462
0.43
0.505
0.49
0.609
0.534
0.463
0.473
0.423
0.408
0.471
0.437
0.437
0.457
0.422
0.462
0.397
0.447
0.485
0.408
0.434
0.492
0.568
0.427
0.454
0.428
0.412
0.417
0.411
0.445
0.449
0.387
0.434
0.39
0.414
0.441
0.67
0.473
0.443
0.463
0.417
0.381
0.427
0.452
0.422
0.431
0.441
0.411
0.413
0.402
0.434
0.438
0.441
0.443
0.447
0.46
0.467
0.466
0.471
0.467
0.477
0.409
0.413
0.381
0.426
0.408
0.431
0.448
0.556
0.417
0.405
0.43
0.402
0.437
0.428
0.57
0.763
0.411
0.435
0.476
0.412
0.458
0.399
0.407
0.485
0.421
0.449
0.416
0.404
0.424
0.409
0.449
0.406
0.426
0.454
0.427
0.512
0.405
0.411
0.502
0.388
0.397
0.515
0.491
0.443
0.466
0.45
0.473
0.507
0.415
0.389
0.506
0.493
0.431
0.501
0.47
0.453
0.477
0.49
0.428
0.413
0.479
0.581
0.559
0.628
0.546
0.558
0.473
0.784
0.604
0.61
0.48
0.537
0.49
0.504
0.504
0.457
0.46
0.433
0.479
0.484
0.512
0.493
0.459
0.475
0.447
0.46
0.434
0.474
0.469
0.496
0.497
0.451
0.513
0.446
0.428
0.518
0.466
0.846
0.78
0.86
0.894
0.915
0.483
0.434
0.471
0.573
0.522
0.454
0.465
0.479
0.447
0.524
0.432
0.451
0.453
0.451
0.495
0.469
0.472
0.476
0.473
0.469
0.453
0.474
0.454
0.451
0.461
0.476
0.496
0.456
0.465
0.454
0.454
0.499
0.494
0.488
0.46
0.499
0.502
0.501
0.463
0.474
0.508
0.486
0.481
0.482
0.468
0.497
0.537
0.381
0.375
0.364
0.38
0.385
0.373
0.392
0.424
0.397
0.38
0.402
0.392
0.388
0.402
0.338
0.333
0.342
0.427
0.339
0.351
0.332
0.474
0.347
0.417
0.339
0.35
0.367
0.329
0.444
0.384
0.358
0.386
0.387
0.346
0.322
0.335
0.459
0.465
0.41
0.619
0.332
0.395
0.406
0.362
0.366
0.376
0.364
0.373
0.333
0.352
0.411
0.371
0.361
0.376
0.389
0.369
0.365
0.356
0.353
0.36
0.334
0.36
0.357
0.362
0.349
0.359
0.37
0.474
0.341
0.36
0.368
0.336
0.38
0.338
0.349
0.325
0.353
0.369
0.358
0.332
0.35
0.353
0.349
0.368
0.347
0.33
0.324
0.322
0.395
0.335
0.391
0.343
0.388
0.355
0.33
0.358
0.351
0.32
0.313
0.323
0.328
0.328
0.362
0.39
0.316
0.327
0.375
0.375
0.355
0.333
0.336
0.326
0.349
0.329
0.338
0.321
0.323
0.319
0.399
0.337
0.341
0.354
0.346
0.33
0.35
0.336
0.412
0.394
0.335
0.378
0.393
0.366
0.332
0.345
0.337
0.333
0.324
0.356
0.333
0.32
0.358
0.348
0.348
0.304
0.361
0.334
0.354
0.326
0.336
0.342
0.636
0.327
0.326
0.327
0.317
0.334
0.34
0.331
0.504
0.557
0.372
0.529
0.436
0.35
0.376
0.369
0.329
0.333
0.343
0.361
0.353
0.346
0.365
0.338
0.332
0.389
0.393
0.348
0.411
0.392
0.4
0.359
0.376
0.562
0.389
0.367
0.359
0.46
0.398
0.432
0.336
0.32
0.457
0.354
0.318
0.376
0.34
0.357
0.359
0.361
0.33
0.332
0.352
0.317
0.456
0.348
0.336
0.389
0.323
0.324
0.313
0.347
0.32
0.325
0.352
0.327
0.631
0.644
0.442
0.393
0.358
0.376
0.336
0.383
0.343
0.34
0.346
0.362
0.337
0.349
0.33
0.342
0.334
0.336
0.329
0.37
0.352
0.33
0.327
0.328
0.353
0.342
0.323
0.342
0.366
0.334
0.391
0.337
0.337
0.333
0.354
0.323
0.332
0.311
0.333
0.312
0.332
0.336
0.343
0.34
0.32
0.333
0.332
0.371
0.371
0.331
0.324
0.325
0.342
0.35
0.323
0.386
0.312
0.35
0.319
0.534
0.398
0.794
0.363
0.379
0.336
0.341
0.314
0.315
0.327
0.321
0.327
0.339
0.33
0.348
0.332
0.332
0.324
0.291
0.344
0.455
0.336
0.618
0.335
0.36
0.321
0.321
0.322
0.327
0.327
0.303
0.329
0.322
0.364
0.361
0.637
0.344
0.673
0.658
0.41
0.627
0.628
0.391
0.336
0.356
0.37
0.32
0.306
0.315
0.315
0.33
0.323
0.323
0.334
0.319
0.33
0.327
0.338
0.308
0.302
0.316
0.297
0.489
0.448
0.383
0.345
0.311
0.31
0.309
0.372
0.352
0.311
0.317
0.33
0.314
0.346
0.345
0.302
0.306
0.306
0.343
0.346
0.46
0.317
0.304
0.309
0.354
0.314
0.338
0.294
0.324
0.31
0.355
0.339
0.332
0.327
0.378
0.342
0.438
0.355
0.322
0.32
0.317
0.308
0.357
0.322
0.327
0.312
0.303
0.343
0.321
0.315
0.303
0.348
0.306
0.333
0.322
0.344
0.284
0.331
0.325
0.307
0.312
0.314
0.315
0.318
0.322
0.311
0.293
0.404
0.323
0.371
0.443
0.395
0.322
0.385
0.35
0.318
0.297
0.301
0.303
0.325
0.36
0.361
0.364
0.358
0.315
0.363
0.34
0.361
0.383
0.378
0.319
0.325
0.292
0.31
0.305
0.308
0.314
0.301
0.492
0.356
0.317
0.311
0.331
0.485
0.349
0.301
0.326
0.288
0.288
0.307
0.311
0.32
0.292
0.355
0.314
0.298
0.291
0.33
0.392
0.299
0.292
0.298
0.307
0.298
0.305
0.29
0.328
0.335
0.347
0.294
0.301
0.297
0.293
0.288
0.309
0.289
0.329
0.301
0.326
0.332
0.414
0.362
0.319
0.325
0.301
0.299
0.288
0.296
0.29
0.288
0.312
0.301
0.307
0.287
0.322
0.514
0.293
0.326
0.282
0.314
0.3
0.294
0.325
0.31
0.323
0.36
0.307
0.297
0.288
0.351
0.319
0.301
0.341
0.318
0.432
0.32
0.32
0.33
0.322
0.298
0.311
0.325
0.297
0.348
0.346
0.322
0.309
0.3
0.365
0.317
0.325
0.351
0.313
0.309
0.333
0.316
0.317
0.356
0.304
0.284
0.327
0.327
0.326
0.294
0.343
0.313
0.294
0.339
0.311
0.319
0.316
0.295
0.279
0.31
0.304
0.327
0.331
0.293
0.303
0.511
0.362
0.357
0.329
0.299
0.306
0.336
0.362
0.319
0.304
0.312
0.295
0.341
0.287
0.384
0.425
0.346
0.323
0.312
0.295
0.297
0.315
0.325
0.312
0.318
0.339
0.362
0.341
0.313
0.308
0.352
0.332
0.306
0.307
0.307
0.327
0.314
0.294
0.35
0.304
0.377
0.393
0.33
0.348
0.35
0.347
0.34
0.334
0.328
0.35
0.317
0.393
0.38
0.397
0.354
0.34
0.306
0.321
0.321
0.347
0.432
0.34
0.358
0.337
0.343
0.36
0.433
0.324
0.354
0.357
0.382
0.348
0.369
0.338
0.358
0.373
0.385
0.325
0.529
0.614
0.385
0.349
0.535
0.65
0.365
0.389
0.329
0.353
0.343
0.374
0.358
0.324
0.364
0.358
0.336
0.348
0.344
0.397
0.372
0.368
0.353
0.353
0.406
0.433
0.752
0.37
0.415
0.756
0.492
0.398
0.415
0.379
0.386
0.381
0.428
0.389
0.448
0.444
0.39
0.581
0.399
0.419
0.381
0.407
0.352
0.391
0.349
0.376
0.372
0.325
0.362
0.376
0.36
0.378
0.39
0.401
0.364
0.354
0.403
0.355
0.383
0.644
0.647
0.472
0.409
0.416
0.39
0.501
0.393
0.766
0.45
0.403
0.354
0.363
0.434
0.397
0.41
0.476
0.369
0.396
0.392
0.649
0.344
0.334
0.312
0.339
0.338
0.333
0.344
0.356
0.334
0.335
0.345
0.356
0.529
0.392
0.506
0.345
0.345
0.336
0.366
0.322
0.347
0.333
0.311
0.309
0.322
0.321
0.324
0.332
0.376
0.33
0.341
0.338
0.415
0.351
0.343
0.35
0.356
0.329
0.354
0.363
0.388
0.351
0.361
0.314
0.362
0.386
0.395
0.361
0.337
0.347
0.317
0.323
0.303
0.378
0.355
0.348
0.323
0.337
0.312
0.307
0.326
0.335
0.35
0.339
0.359
0.316
0.331
0.328
0.41
0.349
0.317
0.351
0.308
0.319
0.333
0.33
0.328
0.328
0.383
0.36
0.622
0.625
0.646
0.605
0.619
0.647
0.727
0.552
0.56
0.64
0.596
0.551
0.535
0.637
0.566
0.579
0.659
0.62
0.618
0.755
0.73
0.601
0.659
0.371
0.369
0.352
0.356
0.36
0.333
0.365
0.361
0.398
0.335
0.314
0.35
0.41
0.338
0.334
0.359
0.334
0.58
0.386
0.425
0.368
0.38
0.408
0.337
0.341
0.322
0.338
0.408
0.43
0.387
0.368
0.322
0.345
0.376
0.403
0.346
0.347
0.365
0.335
0.333
0.33
0.367
0.333
0.369
0.325
0.355
0.378
0.351
0.36
0.321
0.341
0.343
0.352
0.364
0.344
0.346
0.349
0.319
0.406
0.366
0.413
0.402
0.402
0.324
0.37
0.452
0.361
0.363
0.365
0.384
0.41
0.407
0.394
0.334
0.381
0.369
0.328
0.335
0.33
0.408
0.341
0.327
0.347
0.328
0.332
0.349
0.311
0.375
0.401
0.358
0.578
0.408
0.366
0.358
0.346
0.38
0.33
0.363
0.363
0.346
0.35
0.354
0.337
0.391
0.363
0.327
0.421
0.356
0.362
0.366
0.373
0.358
0.348
0.321
0.341
0.372
0.419
0.354
0.341
0.326
0.325
0.308
0.335
0.373
0.37
0.386
0.368
0.391
0.334
0.374
0.324
0.363
0.336
0.324
0.342
0.338
0.316
0.352
0.351
0.346
0.328
0.366
0.507
0.381
0.421
0.359
0.387
0.364
0.36
0.344
0.439
0.311
0.332
0.316
0.312
0.378
0.426
0.413
0.365
0.33
0.332
0.332
0.307
0.305
0.316
0.351
0.323
0.342
0.364
0.338
0.357
0.373
0.365
0.331
0.354
0.321
0.32
0.313
0.306
0.343
0.315
0.313
0.331
0.348
0.788
0.317
0.352
0.329
0.327
0.374
0.397
0.304
0.32
0.335
0.324
0.321
0.287
0.325
0.323
0.801
0.304
0.285
0.318
0.36
0.33
0.343
0.321
0.359
0.295
0.29
0.396
0.315
0.348
0.307
0.362
0.35
0.322
0.303
0.364
0.316
0.328
0.346
0.326
0.365
0.32
0.323
0.374
0.313
0.309
0.366
0.302
0.324
0.315
0.289
0.32
0.305
0.348
0.301
0.313
0.304
0.382
0.464
0.304
0.331
0.312
0.32
0.324
0.304
0.296
0.281
0.331
0.32
0.307
0.425
